1831503115
1831497131
1831496372
183114364X
183112226X
1831117746
1831069598
1831067315
1831067161
1830806637
183080443X
1830803719
1832715701
183271568X
1832715655
1832715620
1832715566
1832715442
1831789221
1831788845
183178677X
1831785498
1831784688
1831783916
1831616734
1831497956
1831121700
1831116413
1831069210
1831069032
1831068621
1830811568
1830803174
1830802569
1830801740
183013132X
1830131044
1830130668
1830130560
1830130528
1830129503
1830129457
183012935X
1828232513
1828215767
1828214043
1828213136
1828212989
1828156132
1828155624
1827859040
1826824200
1826822933
1826821953
1826766855
1826727957
1826727302
1826726381
182666338X
1826662669
1826661964
1826661778
1826636013
1826635440
1826634371
1826633758
1826628894
182662757X
1826626514
1826623477
1826613919
182443393X
1824363478
1824362722
1823953565
182373409X
1823733387
1823733379
182373278X
1823732127
1823730027
1823729428
1823729088
1823728510
1823721664
1823719686
1823719139
1823712401
1823701108
1823695795
1823695582
1823695256
1823668976
1823666973
1823664563
182366329X
182366296X
1823662609
1823599478
1823597874
182359686X
1823532659
1823521843
1823518354
1823517250
1823515886
1823513867
1823510299
1823506275
1823155189
1823154913
1823154638
182315428X
182303554X
1823035019
1822051673
1822051460
1822048710
1821592573
1821592328
1821591356
1821589300
1821588711
1821588533
1821588304
1821588029
182158774X
1821587510
1821586859
1821585720
1821585488
1820831477
1820825167
1820822907
1820821455
1820819809
1820817725
1820816761
1820815501
1820809390
1817399446
1811676731
1810202442
1809277841
1805714163
1797599291
1797598767
1797598430
1796266280
1796265829
1794574271
1794574212
1794573747
1794572066
1794553142
1794552286
1794151087
1793500649
1831616343
1831616009
1831615703
1826761845
1826761799
1826761748
1824116314
1823716903
182371174X
1823709877
1823708056
1823664261
1823533612
1823253334
1823252737
182303814X
1822157331
1822156440
1822155770
1822155088
1822154340
1822153689
1822152607
1822149657
1821523415
1821522672
1794599916
1794595619
1794585990
1794578358
1794576037
1794574867
1794556036
1794553053
1794551573
1778426743
1778426735
1778426131
177842600X
1778425836
177842581X
1778425712
177842550X
1778425003
1778424910
1778424465
1778421334
1778420923
1778418880
1778417256
1778413463
1778413455
177841222X
1778411967
1778411649
1778411584
1778410960
1831614693
1824116225
1823532381
1794595635
1794556419
1794545646
1778476279
1778475434
1778475140
1778474217
1778473768
1778473431
1778473415
1778473334
1778473253
1778472362
1778471838
1778471617
1778471536
1778471129
1778470319
1778469892
1778469418
1778468888
1778468551
177846761X
1778467407
1778467237
1778466281
1778465897
1778465196
177846422X
1778464033
1778464017
1778463576
1778462804
1778462499
1778461948
1778450075
177844847X
1778421628
1693218968
1690631791
1823261779
