1663700419
166369995X
1663697787
166369740X
166369723X
1670324052
1670323307
1670322459
1670320979
1670319938
1670317889
1671569644
1671569512
1671569229
1671569105
1671568990
1671568842
1671568583
167156846X
1671572505
1671571967
167157169X
1671571223
167157057X
1671570073
1671573994
1671573781
1671573501
1671573307
1671572920
1676494960
167649412X
1676493581
1676492615
1676297189
1671576365
1676501029
1676500340
1676499393
1676498664
1676498141
1676497587
1676497242
1676496645
1676511776
167651130X
1676510699
1676510222
1676509690
1676509127
1676508643