1652902074
1460413016
1652803807
165272205X
164765002X
1046665324
1652627405
1652616136
1652627944
1657753603
1653297956
1672354390
1657779637
1658556143
1659221250
1672350816
1659221129
1657016277
1655063529
1678669849
1669326233
1679490451
1664864210
1680898639
1663846200
166496942X
166932964X
168652952X
1680901400
1686376030
1679491776
1680903969
32011869X
320119548
320119815
716449269
496770691
496763806
51528212X
560908482
527911356
757405959
571824692
719121000
719123135
621199524
719122503
65515860X
789626292
654775680
63132206X
668481188
668482303
730535983
789626691
771024266
819364851
843525819
819038768
818548002
859476081
797629807
862665515
843522399
862666333
869007203
861682505
861681207
868724483
882976427
876216181
869938665
1017894833
1046566377
101787638X
1030139830
1030138990
1030137730
1030829780
1030130647
1030825173
1030831092
103007688X
1046424157
1046451529
1067631070
