1771631112
1770899308
1770878726
1770877924
1770084800
1770056319
1770055878
1769977317
1769977287
176997721X
1769977082
176997704X
1768391017
1768014892
1767969767
1767969473
1767969023
1767968310
1767967586
176796739X
1767967306
1767967012
1767692935
1767662106
1767660979
1767658842
1767644183
1767242220
1767241917
1766726011
1766090311
1766089801
1766089429
1766088651
1766088058
1765277329
1765277051
1765276799
1765276659
1765276519
176527625X
1765276098
1765275970
1765275717
1764157567
1764156617
1764155955
1757755608
1757755330
175775508X
1757754350
1757747087
1757734856
1757734171
1770937048
1770911014
1770046437
1769977112
1768390916
1768390312
1768389489
1768388784
1768098891
1768098131
1768095353
1768095191
1768094713
1768001286
1767952244
1767942893
1767693826
1757526005
1757521542
1757521119
1757520619
1757509526
1757489398
1769911685
1768391661
176839086X
176809618X
1767952074
1767941889
1757486879
1756966044
1770935894
1768388482
1769977384
1769977449
1769977538