1775621693
1775577406
1775576817
1775576051
1775575195
1775574660
1775573516
1775573222
1775572811
1775572439
1775571289
1775570487
1775556107
1775555666
1775553221
1775550974
1774677709
1774676680
1774673835
1774667932
1774666693
1774666286
177466593X
1774665476
177466495X
1774664615
1774664135
1774663457
1774662760
1774661845
1774659875
1774659557
1774659441
1774659220
1774659042
1774368994
1774368404
1774367688
1774358107
177435568X
1774354500
1774348470
1772382949
177238268X
1772382566
1772382426
1772382272
1772382043
1772381799
1764211111
1764211057
1764210794
1764210700
176421045X
1764210263
1763722309
1755746210
175574515X
1755722591
1764210603
1774657368