1771692324
177162955X
1771624302
1770875875
1770084231
1769976833
1769699538
1769389016
1769388389
1769387897
1769385754
1769377964
1769376631
1768387591
1768315639
1768036640
1768035903
1767995415
1767995121
176799429X
1767993587
1767992815
1767992076
176789693X
1767692404
1767690916
1767687680
1767642350
1767641508
1767629567
1767628862
1767622376
1767536461
1767535112
1767534957
1767534337
1767533756
1767521464
1767520786
1767517068
1767512821
1767509081
1767507631
1767483481
1767444559
1767428200
1767404859
1767269943
1767247877
1767246773
1767243510
1767078226
1767077416
1766100996
1765994187
176595780X
1765666929
1765664268
1765658608
1765657237
176565551X
1765653029
1765651166
1765650437
1765648289
1765646332
1765466024
1765465982
1765465931
1765465311
1765464641
1765464439
176546420X
176546370X
1765463408
1765462142
176546157X
1765459044
176545798X
176545641X
1765454212
1765451906
1765446902
1765445620
1765435188
1765379938
1765340640
176534008X
1765338417
1765336821
1765328624
1765325943
1765324688
1765320569
1765317738
1765314488
176530508X
1765302684
1765275547
1765253276
1765252083
1765245680
1765242452
1760490636
1751365972
1771633735
1771633301
1771632879
177163250X
1771632070
177163149X
1771630590
1771630205
1771629584
1771628995
1771628669
1771628219
1771621907
1771620315
1771619678
1771617411
1771615907
177161398X
1771613548
1771612932
1771612584
1771612029
1771611553
1771606762
1771606215
1771605979
1771605502
1771605014
1771058994
1771058153
1771056622
1769950133
1769949771
1769949410
1769949038
1769948791
1769948651
1769948392
1769948198
1769947590
1769947299
176958031X
1769579230
1769578684
1769578331
1769550909
1769549390
1769549013
1769547258
1769546804
1769545700
1769544666
1769523170
1769518479
1769518274
1769517901
1769517480
1769516972
1769516697
1769516530
1769516395
1769515747
176951547X
1769515348
1769507124
1769507027
1769506853
1769506551
1769506268
1769505687
1769502122
1769500545
1769499822
1769499024
1769493832
1769492887
1769394095
1769393862
1769393587
1769392874
1769391746
1769391371
1769389040
1769388605
1769388419
1769387617
1769384251
1769383891
1769383530
1769383158
1769382615
1768338728
1768319162
1768310459
1768037604
1768034087
1767995342
1767995008
1767993803
1767992688
1767991789
1767896778
1767673787
1767671857
1767630670
1767630298
1767628706
176762543X
1767623380
1767622902
1767621647
1767537034
1767535961
1767535317
1767534604
1767527799
1767526830
1767523491
1767523343
1767522665
1767515332
1767508875
1767508115
1767507909
1767506953
176748318X
1767374208
1767325126
1767272855
1767270127
1767269056
1767267754
1767257635
176725704X
176724567X
1767122071
1767121059
1767116403
1766162940
1766159672
1765995035
1765993113
1765992184
1765991714
1765966124
1765964792
1765962331
1765961491
1765960649
1765959071
1765958377
176593625X
176538074X
176538060X
1765380502
1771693568
176799253X
1767896530
1767642938
1767630611
1767621515
1767620810
1767530668
176752658X
176752157X
1767506805
1767116101
1766159346
1765993350
1765380901
1767896476
176762106X
1767116837
1767115709
