1695027248
1695026969
1695024621
1695023315
1695022661
1695022122
1695019652
1695018656
1694993922
1694991008
1694988767
1694971910
1695625110
1695623908
1695622863
1695621743
1695619528
1695618572
1695615980
1695614941
1695614003
1695611772
1695608542
1695565436
1695563808
1695562453
1695551508
169565949X
1695658957
1695656695
1695654951
1695647998
1695646959
1695645804
1695644956
1695640527
1695639650
1695638743
1695629507
1695811348
1695810538
1695707737
1695707567
169570746X
1695707281
1695660250
1695832663
1695832272
169583173X
1695830873
169582993X
1695829360
1695828291
1695827821
1695827341
1695815696
1695949161
1695948939
1695948688
1695948475
1695948203
1695899776
1695894405
1695845692
1695845315
1695844599
1696076722
1696077249
1696076366
1696075742
1696062284
1696060982
1696059399
1696058538
1696057396
1696055881
1696262984
1696262275
1696260914
1696248663
1696247020
1696244609
1696242207
1696151848
1696078989
169684195X
1696841429
1696838673
169683693X
1696835860
1696834945
1696834201
1696833175
1696825210
1696934230
1696933161
1696932327
1696880742
1696878918
1696878284
1696877725
1696861438
1696859670
1696858631
1696857546