1668807742
1668809060
1668810158
1668811014
1671046315
1671046714
1671079779
1671080408
1671080955
1671081714
1671048202
1671082435
1671049365
1671050193
1671056892
1671083091
1671058941
1671059891
1671060350
1671060806
1671061535
1671063430
1671083741
1671065360
1671066588
1671069854
1671074416
1671075897
1671084381
1671077547
1671388895
1671393287
1671395891
1671397401
1671399196
1671403282
1671407628
1671410025
1671418654
1671420535
1671639855
1671641442
1671645499
1671646797
1671647440
1671649079
1671660641
1671662164
1671663306
1671664469
1672316855
1672317738
1672318750
1672322707
1672326583
1672329965
1672339081
1672344506
1682373878
1672347475
1672350689
1672355052
1672356652
1672359317
1672362121
1676184953
1676186174
1676188959
1676190201
1676191410
1676192166
1676193960
1676194622
1676199799
1676201742
1676204547